47
71 72 73 74 75 76 77 78 79 80 81 82 83 84 85 86 87 88 89 90 91 92 93 94 95 96 97 98 99 100 101 102 103 104 105 106 107 108 109 110 111 112 113 114 115 116 117 
65
86 > 83
91 > 115
99 > 98
91 > 106
95 > 89
96 > 94
99 > 109
91 > 80
113 > 102
86 > 79
104 > 85
91 > 71
100 > 72
113 > 112
109 > 89
99 > 89
81 > 94
81 > 105
101 > 96
74 > 87
95 > 77
100 > 111
73 > 115
84 > 89
101 > 76
100 > 98
113 > 76
116 > 84
112 > 96
116 > 90
101 > 102
74 > 89
77 > 82
75 > 92
74 > 116
99 > 75
104 > 113
81 > 79
104 > 98
84 > 82
104 > 90
81 > 86
87 > 93
104 > 79
71 > 72
93 > 107
74 > 107
106 > 78
98 > 76
117 > 93
108 > 107
113 > 117
100 > 105
111 > 76
91 > 88
107 > 94
75 > 77
86 > 107
108 > 117
71 > 110
104 > 100
74 > 113
89 > 82
109 > 72
99 > 81

40
34 39 44 49 54 59 64 69 74 79 84 89 94 99 104 109 114 119 124 129 134 139 144 149 154 159 164 169 174 179 184 189 194 199 204 209 214 219 224 229 
61
179 > 134
64 > 114
129 > 74
99 > 194
174 > 169
109 > 159
154 > 159
64 > 204
54 > 214
129 > 174
109 > 154
124 > 129
49 > 169
124 > 34
179 > 139
179 > 129
99 > 144
189 > 59
199 > 89
194 > 199
214 > 169
89 > 164
124 > 149
214 > 39
129 > 49
134 > 199
39 > 199
84 > 179
79 > 229
44 > 149
54 > 159
64 > 224
144 > 199
139 > 169
54 > 204
44 > 34
174 > 89
69 > 64
114 > 59
99 > 64
224 > 59
34 > 94
69 > 79
49 > 149
69 > 99
214 > 144
124 > 114
139 > 134
64 > 164
79 > 169
44 > 194
54 > 209
39 > 74
139 > 44
109 > 134
114 > 199
209 > 119
99 > 224
124 > 39
89 > 229
214 > 44

28
19 22 25 28 31 34 37 40 43 46 49 52 55 58 61 64 67 70 73 76 79 82 85 88 91 94 97 100 
46
43 > 37
61 > 40
46 > 19
49 > 94
37 > 79
85 > 19
88 > 34
49 > 37
49 > 76
58 > 37
82 > 37
73 > 97
85 > 70
28 > 79
22 > 70
61 > 91
82 > 61
82 > 67
37 > 31
52 > 76
73 > 31
82 > 28
70 > 37
64 > 31
49 > 31
82 > 79
49 > 52
19 > 40
46 > 37
58 > 31
100 > 82
28 > 97
49 > 43
49 > 22
22 > 58
52 > 28
55 > 31
100 > 37
73 > 19
85 > 76
85 > 79
100 > 70
67 > 70
52 > 85
46 > 88
70 > 94

39
84 85 86 87 88 89 90 91 92 93 94 95 96 97 98 99 100 101 102 103 104 105 106 107 108 109 110 111 112 113 114 115 116 117 118 119 120 121 122 
46
121 > 92
120 > 102
96 > 102
121 > 91
122 > 106
90 > 106
84 > 106
84 > 107
84 > 118
117 > 115
106 > 111
104 > 87
99 > 117
102 > 94
105 > 113
103 > 113
106 > 108
97 > 107
85 > 103
85 > 106
109 > 87
112 > 121
109 > 94
112 > 110
90 > 111
94 > 87
88 > 95
96 > 98
122 > 92
115 > 119
102 > 116
122 > 115
91 > 110
90 > 99
104 > 85
112 > 116
112 > 92
120 > 92
122 > 119
89 > 87
90 > 103
115 > 116
106 > 121
122 > 120
109 > 106
99 > 118

35
56 58 60 62 64 66 68 70 72 74 76 78 80 82 84 86 88 90 92 94 96 98 100 102 104 106 108 110 112 114 116 118 120 122 124 
37
96 > 62
124 > 82
76 > 68
124 > 108
92 > 100
108 > 70
56 > 118
114 > 84
78 > 86
92 > 94
80 > 118
96 > 104
120 > 62
92 > 70
56 > 80
60 > 56
72 > 122
58 > 116
96 > 102
82 > 86
96 > 76
56 > 98
84 > 68
60 > 86
82 > 84
102 > 64
68 > 86
100 > 88
96 > 84
98 > 62
92 > 116
112 > 122
110 > 116
114 > 98
58 > 94
68 > 122
60 > 78

28
33 37 41 45 49 53 57 61 65 69 73 77 81 85 89 93 97 101 105 109 113 117 121 125 129 133 137 141 
36
93 > 121
105 > 57
105 > 73
117 > 77
53 > 101
133 > 45
69 > 133
137 > 81
117 > 73
113 > 33
49 > 33
65 > 77
57 > 97
73 > 85
57 > 109
53 > 121
93 > 117
137 > 129
137 > 113
93 > 81
33 > 89
105 > 129
105 > 45
141 > 89
109 > 37
141 > 137
93 > 109
61 > 121
137 > 97
101 > 37
101 > 73
57 > 77
53 > 97
137 > 65
109 > 65
49 > 133

24
36 38 40 42 44 46 48 50 52 54 56 58 60 62 64 66 68 70 72 74 76 78 80 82 
35
76 > 40
60 > 72
36 > 44
68 > 48
52 > 46
76 > 54
80 > 50
42 > 82
46 > 50
72 > 38
42 > 70
52 > 72
56 > 38
70 > 82
78 > 70
58 > 54
60 > 58
78 > 46
70 > 54
68 > 40
82 > 64
68 > 42
70 > 48
62 > 74
78 > 60
56 > 72
56 > 64
46 > 54
80 > 82
54 > 38
80 > 46
52 > 42
36 > 50
52 > 40
78 > 48

44
60 61 62 63 64 65 66 67 68 69 70 71 72 73 74 75 76 77 78 79 80 81 82 83 84 85 86 87 88 89 90 91 92 93 94 95 96 97 98 99 100 101 102 103 
54
100 > 96
86 > 69
90 > 71
85 > 93
60 > 66
95 > 71
102 > 96
78 > 99
65 > 69
79 > 87
100 > 74
81 > 93
94 > 72
68 > 87
61 > 71
78 > 79
82 > 74
73 > 82
70 > 97
80 > 69
84 > 69
67 > 60
90 > 92
95 > 81
75 > 72
75 > 100
86 > 81
89 > 99
80 > 75
99 > 72
91 > 60
79 > 98
84 > 83
60 > 83
91 > 61
62 > 71
88 > 72
60 > 99
84 > 88
70 > 64
75 > 70
84 > 101
82 > 71
91 > 65
76 > 81
88 > 97
99 > 74
82 > 66
64 > 60
64 > 99
75 > 79
70 > 60
82 > 95
102 > 86

39
48 51 54 57 60 63 66 69 72 75 78 81 84 87 90 93 96 99 102 105 108 111 114 117 120 123 126 129 132 135 138 141 144 147 150 153 156 159 162 
44
108 > 141
96 > 48
90 > 123
156 > 93
99 > 69
75 > 156
72 > 90
108 > 48
63 > 150
144 > 153
111 > 60
111 > 135
114 > 153
72 > 108
114 > 60
144 > 156
69 > 66
129 > 156
72 > 123
63 > 153
63 > 90
72 > 153
102 > 54
126 > 105
159 > 48
84 > 132
90 > 48
75 > 126
129 > 69
120 > 48
51 > 48
93 > 153
87 > 132
99 > 96
162 > 78
120 > 105
87 > 105
150 > 81
51 > 75
96 > 156
129 > 48
87 > 66
75 > 48
87 > 84

23
79 83 87 91 95 99 103 107 111 115 119 123 127 131 135 139 143 147 151 155 159 163 167 
26
119 > 83
91 > 143
123 > 159
151 > 131
91 > 167
91 > 99
115 > 87
167 > 143
155 > 107
79 > 107
103 > 115
115 > 159
83 > 163
127 > 87
155 > 83
83 > 107
79 > 147
147 > 95
155 > 123
79 > 87
147 > 115
99 > 131
155 > 111
119 > 147
155 > 119
111 > 131

29
22 23 24 25 26 27 28 29 30 31 32 33 34 35 36 37 38 39 40 41 42 43 44 45 46 47 48 49 50 
44
40 > 41
41 > 29
34 > 26
40 > 30
36 > 50
43 > 37
39 > 23
45 > 26
45 > 41
28 > 37
48 > 31
32 > 50
25 > 39
30 > 26
28 > 26
45 > 48
45 > 29
43 > 47
32 > 42
33 > 44
40 > 37
34 > 30
49 > 22
22 > 33
42 > 29
36 > 37
47 > 30
36 > 40
24 > 47
43 > 48
24 > 32
34 > 42
47 > 23
43 > 29
35 > 37
43 > 45
50 > 40
47 > 32
33 > 26
45 > 33
44 > 42
33 > 37
45 > 44
28 > 40

20
59 64 69 74 79 84 89 94 99 104 109 114 119 124 129 134 139 144 149 154 
21
64 > 99
144 > 114
109 > 139
144 > 84
64 > 129
154 > 129
99 > 129
64 > 134
154 > 104
79 > 134
149 > 139
64 > 74
124 > 134
124 > 104
94 > 144
64 > 69
69 > 114
149 > 124
99 > 104
89 > 124
59 > 69

45
92 97 102 107 112 117 122 127 132 137 142 147 152 157 162 167 172 177 182 187 192 197 202 207 212 217 222 227 232 237 242 247 252 257 262 267 272 277 282 287 292 297 302 307 312 
51
187 > 262
257 > 127
122 > 207
232 > 127
277 > 227
302 > 227
282 > 312
152 > 222
182 > 192
252 > 217
202 > 312
142 > 92
262 > 287
272 > 247
137 > 207
172 > 247
307 > 187
282 > 222
147 > 242
147 > 142
102 > 282
252 > 177
242 > 222
232 > 287
182 > 152
302 > 312
252 > 147
122 > 167
177 > 247
252 > 162
157 > 247
157 > 242
297 > 262
282 > 187
142 > 237
307 > 97
302 > 292
307 > 287
127 > 142
232 > 132
137 > 267
282 > 217
132 > 247
277 > 212
202 > 92
102 > 97
192 > 197
137 > 257
117 > 202
177 > 222
127 > 292

25
56 58 60 62 64 66 68 70 72 74 76 78 80 82 84 86 88 90 92 94 96 98 100 102 104 
38
66 > 78
82 > 60
76 > 92
66 > 92
98 > 62
70 > 86
88 > 60
72 > 96
66 > 60
86 > 76
100 > 68
70 > 96
102 > 76
94 > 68
80 > 66
56 > 76
62 > 96
86 > 104
94 > 84
84 > 76
70 > 90
90 > 60
80 > 84
82 > 58
80 > 70
100 > 60
80 > 88
74 > 82
80 > 90
56 > 66
64 > 68
82 > 62
72 > 76
78 > 104
58 > 92
72 > 94
80 > 56
74 > 60

39
67 69 71 73 75 77 79 81 83 85 87 89 91 93 95 97 99 101 103 105 107 109 111 113 115 117 119 121 123 125 127 129 131 133 135 137 139 141 143 
61
85 > 109
113 > 101
105 > 93
95 > 119
139 > 111
135 > 97
119 > 109
91 > 125
143 > 105
77 > 113
129 > 87
123 > 97
71 > 67
99 > 133
129 > 103
97 > 103
137 > 109
95 > 139
73 > 85
141 > 133
89 > 115
77 > 111
125 > 111
135 > 85
77 > 121
117 > 109
143 > 71
81 > 127
87 > 85
105 > 79
129 > 121
99 > 79
105 > 141
85 > 79
135 > 83
81 > 109
91 > 93
135 > 113
81 > 69
119 > 67
131 > 117
95 > 97
71 > 89
129 > 113
107 > 115
143 > 79
71 > 93
91 > 79
71 > 127
87 > 125
103 > 127
125 > 117
91 > 117
137 > 119
91 > 109
137 > 101
91 > 111
123 > 113
123 > 141
139 > 113
91 > 131

24
93 97 101 105 109 113 117 121 125 129 133 137 141 145 149 153 157 161 165 169 173 177 181 185 
35
97 > 177
157 > 185
165 > 109
181 > 121
165 > 185
141 > 161
105 > 185
97 > 93
93 > 121
133 > 173
97 > 117
161 > 129
145 > 133
113 > 145
105 > 113
161 > 157
181 > 93
109 > 185
137 > 101
161 > 185
113 > 185
185 > 173
117 > 173
157 > 133
137 > 93
141 > 185
101 > 109
141 > 133
177 > 133
113 > 149
105 > 149
113 > 97
169 > 121
181 > 133
137 > 177

25
55 59 63 67 71 75 79 83 87 91 95 99 103 107 111 115 119 123 127 131 135 139 143 147 151 
39
59 > 75
71 > 127
103 > 95
91 > 79
151 > 91
103 > 87
147 > 103
135 > 127
147 > 115
59 > 119
67 > 127
87 > 79
79 > 83
59 > 79
139 > 151
139 > 75
131 > 127
71 > 111
103 > 99
115 > 91
111 > 67
131 > 119
147 > 79
87 > 63
151 > 99
103 > 75
59 > 95
123 > 119
131 > 107
119 > 95
71 > 79
75 > 143
59 > 127
139 > 91
139 > 99
87 > 127
151 > 131
71 > 119
139 > 71

23
38 39 40 41 42 43 44 45 46 47 48 49 50 51 52 53 54 55 56 57 58 59 60 
24
60 > 54
45 > 47
42 > 40
58 > 41
55 > 59
55 > 46
44 > 57
48 > 59
49 > 43
60 > 49
48 > 39
42 > 59
54 > 39
57 > 39
45 > 58
44 > 54
42 > 44
44 > 46
46 > 39
47 > 46
50 > 46
49 > 47
45 > 53
52 > 41

41
74 77 80 83 86 89 92 95 98 101 104 107 110 113 116 119 122 125 128 131 134 137 140 143 146 149 152 155 158 161 164 167 170 173 176 179 182 185 188 191 194 
49
146 > 164
74 > 161
107 > 86
92 > 95
143 > 98
107 > 140
128 > 170
170 > 104
170 > 191
125 > 149
185 > 89
146 > 119
125 > 83
95 > 110
179 > 128
143 > 173
83 > 188
131 > 167
74 > 104
131 > 191
167 > 164
140 > 104
149 > 134
92 > 77
131 > 98
134 > 188
131 > 89
176 > 80
182 > 191
92 > 140
101 > 122
146 > 182
161 > 83
86 > 188
125 > 104
161 > 86
110 > 77
185 > 173
149 > 191
182 > 113
161 > 164
74 > 194
128 > 188
167 > 101
113 > 164
167 > 128
194 > 188
131 > 164
134 > 80

39
90 95 100 105 110 115 120 125 130 135 140 145 150 155 160 165 170 175 180 185 190 195 200 205 210 215 220 225 230 235 240 245 250 255 260 265 270 275 280 
42
145 > 210
120 > 185
130 > 205
250 > 240
265 > 255
110 > 210
105 > 185
175 > 210
245 > 190
135 > 95
175 > 140
130 > 110
175 > 270
145 > 200
130 > 235
130 > 155
135 > 90
210 > 255
105 > 255
180 > 165
105 > 170
95 > 165
250 > 270
120 > 255
215 > 170
215 > 160
135 > 245
195 > 235
115 > 170
110 > 280
165 > 140
220 > 265
175 > 240
265 > 150
140 > 205
185 > 165
180 > 270
225 > 275
245 > 240
115 > 95
195 > 245
175 > 205
