115 114 110 105 103 102 97 94 107 96 112 93 117 108 92 90 88 87 85 83 82 89 84 116 80 79 86 81 78 106 77 95 76 111 98 113 101 75 74 73 72 109 99 100 104 71 91 
229 219 204 184 169 164 159 154 149 119 209 104 94 89 174 199 144 134 109 194 79 74 59 224 114 64 99 69 189 49 129 39 34 44 214 54 139 179 84 124 
97 94 91 79 76 40 61 34 88 31 55 64 37 70 67 58 43 28 82 100 25 22 19 73 85 52 49 46 
119 118 116 115 117 114 113 111 110 108 107 105 103 101 100 99 98 97 95 93 92 91 121 106 112 90 88 87 89 94 102 96 120 122 109 86 85 104 84 
122 118 116 112 110 106 104 94 90 88 100 86 80 78 74 72 70 92 108 68 84 82 124 76 66 64 102 62 98 114 120 96 58 56 60 
129 125 121 97 89 85 81 77 73 117 65 61 45 133 69 41 37 101 53 109 93 57 105 33 49 113 137 141 
74 66 64 82 62 50 48 44 40 38 54 46 80 70 42 68 58 76 72 56 52 60 78 36 
103 101 98 97 96 93 92 87 85 83 81 79 77 76 74 100 72 88 99 89 78 94 71 95 90 69 84 86 102 68 66 82 73 65 63 62 61 60 64 70 75 80 91 67 
153 147 141 138 135 132 123 117 105 126 93 156 144 84 81 150 78 162 66 87 69 60 114 111 57 54 102 48 75 129 51 120 90 63 159 108 72 96 99 
163 159 143 167 139 135 131 151 123 111 107 99 95 91 87 127 115 147 103 83 119 155 79 
46 38 37 35 31 48 29 42 44 41 27 26 33 30 40 28 50 32 36 45 34 23 47 24 43 39 25 22 49 
139 134 129 119 114 109 104 124 149 154 99 89 84 144 94 79 74 69 64 59 
312 292 287 267 262 297 247 272 237 227 302 222 242 217 212 277 207 197 192 187 282 177 172 167 162 157 152 182 132 122 112 107 97 102 307 92 202 117 142 127 232 257 137 147 252 
104 96 92 78 76 84 102 86 68 94 72 64 62 98 60 100 90 70 66 88 58 82 74 56 80 
133 141 127 121 115 111 109 117 125 131 107 103 101 113 139 97 123 93 89 83 79 91 85 87 129 135 99 105 77 75 73 69 81 67 119 137 95 71 143 
173 185 153 149 133 177 157 145 129 161 141 125 121 169 117 109 165 101 93 137 181 97 113 105 
143 127 135 107 99 95 119 123 131 83 79 91 115 151 75 67 111 71 139 63 87 103 147 59 55 
59 56 53 51 43 41 52 58 40 39 46 50 47 49 45 55 57 54 44 42 60 48 38 
191 188 194 173 164 158 155 152 137 122 119 116 113 182 146 104 140 170 128 179 101 167 98 143 89 131 185 86 107 83 161 80 134 149 125 176 77 110 95 92 74 
280 275 270 260 255 240 250 235 230 225 210 205 200 190 245 195 170 160 215 155 150 265 220 145 140 165 185 180 175 125 120 110 130 105 100 95 115 90 135 
